[26,59]
[74,94]
[18,58]
[86,118]
[46,101]
[39,75]
[18,43]
[21,129]
[77,71]
[30,109]
[58,66]
[43,78]
[19,124]
[30,46]
[79,80]
[24,114]
[28,119]
[24,118]
[88,76]
[78,76]
[41,95]
[13,99]
[61,92]
[30,124]
[59,91]
[33,44]
[72,52]
[63,114]
[38,48]
[43,96]
[87,58]
[87,90]
[79,63]
[34,87]
[55,120]
[31,52]
[14,122]
[17,111]
[26,88]
[82,67]
[60,126]
[51,107]
[66,94]
[30,82]
[70,70]
[39,54]
[19,108]
[81,124]
[23,97]
[44,100]
[36,64]
[44,89]
[17,123]
[22,64]
[46,118]
[67,84]
[20,69]
[71,116]
[91,56]
[91,119]
[21,107]
[70,101]
[71,52]
[42,106]
[72,130]
[59,84]
[50,56]
[42,103]
[70,85]
[16,111]
[76,83]
[54,78]
[24,53]
[81,43]
[71,98]
[27,109]
[25,131]
[92,129]
[25,82]
[40,64]
[23,132]
[34,71]
[86,50]
[46,116]
[33,107]
[35,125]
[89,55]
[63,57]
[42,92]
[85,58]
[28,129]
[18,103]
[36,95]
[30,111]
[90,43]
[29,90]
[22,121]
[21,132]
[20,71]
[89,105]
